28 15
0 -1 -1 0 -1 -1 0 -1 -1 0 -1 -1 0 -1 -1 0 -1 -1 0 -1 -1 0 -1 -1 0 -1 -1 0 -1 -1 0 -1 -1 0 -1 -1 0 -1 -1 0 -1 -1 0 -1 -1 0 -1 -1 0 -1 -1 0 -1 -1 0 -1 -1 0 -1 -1 0 -1 -1 0 2 -1 0 2 -1 2 -1 -1 2 -1 -1 2 -1 -1 2 -1 -1 2 -1 -1 
0 -1 -1 0 -1 -1 0 -1 -1 0 -1 -1 2 0 -1 0 -1 -1 0 -1 -1 0 -1 -1 0 -1 -1 0 -1 -1 0 -1 -1 0 3 -1 0 4 -1 0 4 -1 0 6 -1 0 7 -1 0 8 -1 0 -1 -1 0 -1 -1 0 -1 -1 0 -1 -1 0 2 -1 0 2 -1 2 -1 -1 2 -1 -1 2 -1 -1 2 -1 -1 2 -1 -1 
0 2 -1 2 -1 -1 0 2 -1 0 2 -1 0 2 -1 2 -1 -1 2 -1 -1 0 2 -1 0 2 -1 0 2 -1 0 2 -1 2 -1 -1 10 -1 -1 11 -1 -1 11 12 -1 13 -1 -1 0 -1 -1 0 -1 -1 0 -1 -1 0 -1 -1 0 -1 -1 0 2 -1 0 2 -1 2 -1 -1 2 -1 -1 2 -1 -1 2 -1 -1 2 -1 -1 
0 2 -1 0 2 -1 2 -1 -1 2 -1 -1 0 2 -1 2 -1 -1 0 2 -1 0 2 -1 0 2 -1 2 -1 -1 2 -1 -1 2 -1 -1 0 16 -1 0 17 -1 0 18 -1 0 19 -1 0 20 -1 0 -1 -1 0 2 -1 0 2 -1 2 -1 -1 2 -1 -1 0 2 -1 2 -1 -1 2 -1 -1 2 -1 -1 2 -1 -1 2 -1 -1 
0 2 -1 0 2 -1 2 -1 -1 0 2 -1 0 2 -1 2 -1 -1 0 2 -1 2 -1 -1 0 2 -1 2 -1 -1 2 -1 -1 2 -1 -1 0 22 -1 0 23 -1 0 24 -1 0 25 -1 0 26 -1 0 -1 -1 0 2 -1 0 2 -1 2 -1 -1 2 -1 -1 0 2 -1 2 -1 -1 2 -1 -1 2 -1 -1 2 -1 -1 2 -1 -1 
0 -1 -1 0 2 -1 2 -1 -1 0 2 -1 0 2 -1 2 -1 -1 0 2 -1 0 2 -1 0 2 -1 0 2 -1 2 -1 -1 8 2 -1 29 23 -1 29 -1 -1 0 29 -1 0 30 -1 2 30 -1 0 -1 -1 0 2 -1 0 2 -1 0 2 -1 0 2 -1 2 -1 -1 2 -1 -1 2 -1 -1 2 -1 -1 2 -1 -1 2 -1 -1 
0 -1 -1 0 2 -1 2 -1 -1 2 -1 -1 2 -1 -1 2 -1 -1 2 -1 -1 0 2 -1 0 2 -1 2 -1 -1 0 2 -1 33 2 -1 2 34 -1 2 34 -1 2 34 -1 2 37 -1 2 37 -1 0 2 -1 2 -1 -1 0 2 -1 0 2 -1 2 -1 -1 2 -1 -1 2 -1 -1 2 -1 -1 2 -1 -1 2 -1 -1 2 -1 -1 
0 -1 -1 0 2 -1 2 -1 -1 0 2 -1 0 2 -1 0 2 -1 2 -1 -1 0 2 -1 0 2 -1 0 2 -1 0 2 -1 0 2 -1 0 2 -1 2 -1 -1 2 -1 -1 0 2 -1 0 2 -1 2 -1 -1 2 -1 -1 0 2 -1 0 2 -1 2 -1 -1 2 -1 -1 2 -1 -1 2 -1 -1 2 -1 -1 2 -1 -1 2 -1 -1 
0 -1 -1 2 -1 -1 0 2 -1 0 2 -1 0 2 -1 2 -1 -1 2 -1 -1 0 2 -1 0 2 -1 0 2 -1 0 2 -1 0 2 -1 0 2 -1 0 2 -1 0 2 -1 0 2 -1 0 2 -1 0 2 -1 0 2 -1 0 2 -1 0 2 -1 0 2 -1 0 2 -1 2 -1 -1 2 -1 -1 2 -1 -1 2 -1 -1 2 -1 -1 
0 -1 -1 0 2 -1 0 2 -1 2 -1 -1 2 -1 -1 0 2 -1 0 2 -1 0 2 -1 0 2 -1 0 2 -1 0 2 -1 0 2 -1 0 -1 -1 0 -1 -1 0 -1 -1 0 -1 -1 0 -1 -1 0 -1 -1 0 -1 -1 0 -1 -1 0 -1 -1 0 2 -1 2 -1 -1 2 -1 -1 2 -1 -1 2 -1 -1 2 -1 -1 2 -1 -1 
0 -1 -1 0 2 -1 0 2 -1 0 2 -1 0 2 -1 0 2 -1 0 2 -1 0 2 -1 0 2 -1 0 2 -1 0 2 -1 0 2 -1 0 -1 -1 0 -1 -1 0 -1 -1 0 -1 -1 0 -1 -1 0 -1 -1 0 -1 -1 0 -1 -1 0 -1 -1 0 2 -1 0 2 -1 2 -1 -1 2 -1 -1 2 -1 -1 2 -1 -1 2 -1 -1 
0 -1 -1 0 -1 -1 0 -1 -1 0 -1 -1 0 -1 -1 0 -1 -1 0 -1 -1 0 -1 -1 0 -1 -1 0 -1 -1 0 -1 -1 0 -1 -1 0 -1 -1 0 -1 -1 0 -1 -1 0 -1 -1 0 -1 -1 0 -1 -1 0 -1 -1 0 -1 -1 0 -1 -1 0 2 -1 0 2 -1 2 -1 -1 2 -1 -1 2 -1 -1 2 -1 -1 2 -1 -1 
0 -1 -1 0 -1 -1 0 -1 -1 0 -1 -1 0 -1 -1 0 -1 -1 0 -1 -1 0 -1 -1 0 -1 -1 0 -1 -1 0 -1 -1 0 -1 -1 0 -1 -1 0 -1 -1 0 -1 -1 0 -1 -1 0 -1 -1 0 -1 -1 0 -1 -1 0 -1 -1 0 -1 -1 2 -1 -1 2 -1 -1 2 -1 -1 2 -1 -1 2 -1 -1 2 -1 -1 2 -1 -1 
0 -1 -1 0 -1 -1 0 -1 -1 0 -1 -1 0 -1 -1 0 -1 -1 0 -1 -1 0 -1 -1 0 -1 -1 0 -1 -1 0 -1 -1 0 -1 -1 0 -1 -1 0 -1 -1 0 -1 -1 0 -1 -1 0 -1 -1 0 -1 -1 0 -1 -1 0 -1 -1 0 -1 -1 2 -1 -1 0 2 -1 2 -1 -1 2 -1 -1 2 -1 -1 2 -1 -1 2 -1 -1 
0 -1 -1 0 -1 -1 0 -1 -1 0 -1 -1 0 -1 -1 0 -1 -1 0 -1 -1 0 -1 -1 0 -1 -1 0 -1 -1 0 -1 -1 0 -1 -1 0 -1 -1 0 -1 -1 0 -1 -1 0 -1 -1 0 -1 -1 0 -1 -1 0 -1 -1 0 -1 -1 0 -1 -1 0 2 -1 0 2 -1 2 -1 -1 2 -1 -1 2 -1 -1 2 -1 -1 2 -1 -1 
