20 20
1 -1 -1 1 -1 -1 1 -1 -1 1 -1 -1 1 -1 -1 1 -1 -1 1 -1 -1 1 -1 -1 1 -1 -1 1 -1 -1 1 -1 -1 1 -1 -1 1 -1 -1 1 -1 -1 1 -1 -1 1 -1 -1 1 -1 -1 1 -1 -1 1 -1 -1 1 -1 -1 
1 -1 -1 1 -1 -1 1 -1 -1 1 -1 -1 1 -1 -1 1 -1 -1 1 -1 -1 1 -1 -1 1 -1 -1 1 -1 -1 1 -1 -1 1 -1 -1 1 -1 -1 1 -1 -1 1 -1 -1 1 -1 -1 1 -1 -1 1 -1 -1 1 -1 -1 1 -1 -1 
1 -1 -1 1 -1 -1 1 -1 -1 1 -1 -1 1 -1 -1 1 -1 -1 1 -1 -1 1 -1 -1 1 -1 -1 1 -1 -1 1 -1 -1 1 -1 -1 1 -1 -1 1 -1 -1 1 -1 -1 1 -1 -1 1 -1 -1 1 -1 -1 1 -1 -1 1 -1 -1 
1 -1 -1 1 -1 -1 1 -1 -1 1 -1 -1 1 -1 -1 1 -1 -1 293 -1 -1 294 -1 -1 294 -1 -1 294 -1 -1 294 -1 -1 294 -1 -1 294 -1 -1 294 -1 -1 295 -1 -1 1 -1 -1 1 -1 -1 1 -1 -1 1 -1 -1 1 -1 -1 
1 -1 -1 1 -1 -1 1 -1 -1 1 -1 -1 1 -1 -1 1 -1 -1 296 -1 -1 297 -1 717 297 -1 -1 297 -1 -1 297 -1 -1 297 -1 590 297 -1 -1 297 -1 -1 298 -1 -1 1 -1 -1 1 -1 -1 1 -1 -1 1 -1 -1 1 -1 -1 
1 -1 -1 1 -1 -1 1 -1 -1 1 -1 -1 1 -1 -1 1 -1 -1 296 -1 -1 297 -1 -1 297 -1 -1 297 158 -1 297 93 -1 297 -1 -1 297 87 -1 297 86 -1 298 -1 659 1 -1 -1 1 -1 -1 1 -1 -1 1 -1 -1 1 -1 -1 
1 -1 -1 1 -1 -1 1 -1 -1 1 -1 -1 1 -1 -1 1 -1 -1 299 51 -1 300 51 -1 300 51 -1 300 51 -1 102 -1 -1 300 51 -1 96 -1 -1 95 -1 -1 301 51 -1 1 -1 -1 1 -1 -1 1 -1 -1 1 -1 -1 1 -1 -1 
1 -1 -1 1 -1 -1 1 -1 -1 1 -1 -1 1 -1 -1 1 -1 -1 23 182 -1 23 183 -1 23 188 -1 23 -1 -1 14 111 -1 179 -1 -1 14 105 -1 14 104 -1 23 -1 -1 1 -1 -1 1 -1 -1 1 -1 -1 1 -1 -1 1 -1 -1 
1 -1 -1 1 -1 -1 1 -1 -1 1 -1 -1 1 -1 -1 1 -1 -1 14 191 -1 23 192 -1 23 -1 -1 23 -1 -1 23 -1 -1 23 -1 -1 23 -1 -1 1 23 -1 23 -1 -1 1 -1 -1 1 -1 -1 1 -1 -1 1 -1 -1 1 -1 -1 
1 -1 -1 1 -1 -1 1 -1 -1 1 -1 -1 1 -1 -1 1 -1 -1 23 -1 -1 23 -1 -1 23 -1 -1 23 -1 -1 23 -1 -1 23 -1 -1 23 -1 -1 23 -1 -1 23 579 613 1 -1 -1 1 -1 -1 1 -1 -1 1 -1 -1 1 -1 -1 
1 -1 -1 1 -1 -1 1 -1 -1 1 -1 -1 1 -1 -1 1 -1 -1 23 -1 -1 23 577 -1 23 569 -1 23 581 654 23 -1 -1 23 -1 -1 23 -1 -1 23 -1 -1 23 567 -1 1 -1 -1 1 -1 -1 1 -1 -1 1 -1 -1 1 -1 -1 
1 -1 -1 1 -1 -1 1 -1 -1 1 -1 -1 1 -1 -1 1 -1 -1 23 -1 -1 23 578 -1 23 -1 -1 23 582 -1 23 -1 -1 23 -1 -1 23 -1 -1 23 -1 -1 23 567 -1 1 -1 -1 1 -1 -1 1 -1 -1 1 -1 -1 1 -1 -1 
1 -1 -1 1 -1 -1 1 -1 -1 1 -1 -1 1 -1 -1 1 -1 -1 23 -1 -1 23 -1 -1 23 -1 -1 23 -1 -1 23 -1 -1 23 -1 -1 23 -1 -1 23 -1 -1 23 567 603 1 -1 -1 1 -1 -1 1 -1 -1 1 -1 -1 1 -1 -1 
1 -1 -1 1 -1 -1 1 -1 -1 1 -1 -1 1 -1 -1 1 -1 -1 23 -1 -1 23 -1 -1 23 -1 -1 23 -1 -1 23 -1 -1 23 -1 -1 23 577 653 23 569 589 23 585 -1 1 -1 -1 1 -1 -1 1 -1 -1 1 -1 -1 1 -1 -1 
1 -1 -1 1 -1 -1 1 -1 -1 1 -1 -1 1 -1 -1 1 -1 -1 1 -1 -1 1 -1 -1 1 -1 -1 23 -1 -1 14 -1 -1 1 -1 -1 1 -1 -1 1 -1 -1 1 -1 -1 1 -1 -1 1 -1 -1 1 -1 -1 1 -1 -1 1 -1 -1 
1 -1 -1 1 -1 -1 1 -1 -1 1 -1 -1 1 -1 -1 1 -1 -1 1 -1 -1 1 -1 -1 1 -1 -1 1 -1 -1 1 -1 -1 1 -1 -1 1 -1 -1 1 -1 -1 1 -1 -1 1 -1 -1 1 -1 -1 1 -1 -1 1 -1 -1 1 -1 -1 
1 -1 -1 1 -1 -1 1 -1 -1 1 -1 -1 1 -1 -1 1 -1 -1 1 -1 -1 1 -1 -1 1 -1 -1 1 -1 -1 1 -1 -1 1 -1 -1 1 -1 -1 1 -1 -1 1 -1 -1 1 -1 -1 1 -1 -1 1 -1 -1 1 -1 -1 1 -1 -1 
1 -1 -1 1 -1 -1 1 -1 -1 1 -1 -1 1 -1 -1 1 -1 -1 1 -1 -1 1 -1 -1 1 -1 -1 1 -1 -1 1 -1 -1 1 -1 -1 1 -1 -1 1 -1 -1 1 -1 -1 1 -1 -1 1 -1 -1 1 -1 -1 1 -1 -1 1 -1 -1 
1 -1 -1 1 -1 -1 1 -1 -1 1 -1 -1 1 -1 -1 1 -1 -1 1 -1 -1 1 -1 -1 1 -1 -1 1 -1 -1 1 -1 -1 1 -1 -1 1 -1 -1 1 -1 -1 1 -1 -1 1 -1 -1 1 -1 -1 1 -1 -1 1 -1 -1 1 -1 -1 
1 -1 -1 1 -1 -1 1 -1 -1 1 -1 -1 1 -1 -1 1 -1 -1 1 -1 -1 1 -1 -1 1 -1 -1 1 -1 -1 1 -1 -1 1 -1 -1 1 -1 -1 1 -1 -1 1 -1 -1 1 -1 -1 1 -1 -1 1 -1 -1 1 -1 -1 1 -1 -1 
