30 30
1 -1 -1 1 -1 -1 1 -1 -1 1 -1 -1 1 -1 -1 1 -1 -1 1 -1 -1 1 -1 -1 1 -1 -1 1 -1 -1 1 -1 -1 1 -1 -1 1 -1 -1 1 -1 -1 1 -1 -1 1 -1 -1 1 -1 -1 1 -1 -1 1 -1 -1 1 -1 -1 1 -1 -1 1 -1 -1 1 -1 -1 1 -1 -1 1 -1 -1 1 -1 -1 1 -1 -1 1 -1 -1 1 -1 -1 1 -1 -1 
1 -1 -1 1 -1 -1 1 -1 -1 1 -1 -1 1 -1 -1 1 -1 -1 1 -1 -1 1 -1 -1 1 -1 -1 1 -1 -1 1 -1 -1 1 -1 -1 1 -1 -1 1 -1 -1 1 -1 -1 1 -1 -1 1 -1 -1 1 -1 -1 1 -1 -1 1 -1 -1 1 -1 -1 1 -1 -1 1 -1 -1 1 -1 -1 1 -1 -1 1 -1 -1 1 -1 -1 1 -1 -1 1 -1 -1 1 -1 -1 
1 -1 -1 1 -1 -1 1 -1 -1 1 -1 -1 1 -1 -1 1 -1 -1 1 -1 -1 1 -1 -1 1 -1 -1 1 -1 -1 1 -1 -1 1 -1 -1 1 -1 -1 1 -1 -1 1 -1 -1 1 -1 -1 1 -1 -1 1 -1 -1 1 -1 -1 1 -1 -1 1 -1 -1 1 -1 -1 1 -1 -1 1 -1 -1 1 -1 -1 1 -1 -1 1 -1 -1 1 -1 -1 1 -1 -1 1 -1 -1 
1 -1 -1 1 -1 -1 1 -1 -1 1 -1 -1 1 -1 -1 1 -1 -1 1 -1 -1 1 -1 -1 1 -1 -1 1 -1 -1 1 -1 -1 1 -1 -1 1 -1 -1 1 -1 -1 1 -1 -1 1 -1 -1 1 -1 -1 1 -1 -1 1 -1 -1 1 -1 -1 1 -1 -1 1 -1 -1 1 -1 -1 1 -1 -1 1 -1 -1 1 -1 -1 1 -1 -1 1 -1 -1 1 -1 -1 1 -1 -1 
1 -1 -1 1 -1 -1 1 -1 -1 1 -1 -1 1 -1 -1 1 -1 -1 1 -1 -1 1 -1 -1 1 -1 -1 1 -1 -1 1 -1 -1 1 -1 -1 1 -1 -1 1 -1 -1 1 -1 -1 1 -1 -1 1 -1 -1 1 -1 -1 1 -1 -1 1 -1 -1 1 -1 -1 1 -1 -1 1 -1 -1 1 -1 -1 1 -1 -1 1 -1 -1 1 -1 -1 1 -1 -1 1 -1 -1 1 -1 -1 
1 -1 -1 1 -1 -1 1 -1 -1 1 -1 -1 1 -1 -1 1 -1 -1 1 -1 -1 1 -1 -1 1 -1 -1 1 -1 -1 1 -1 -1 1 -1 -1 1 -1 -1 1 -1 -1 1 -1 -1 1 -1 -1 1 -1 -1 1 -1 -1 1 -1 -1 1 -1 -1 1 -1 -1 1 -1 -1 1 -1 -1 1 -1 -1 1 -1 -1 1 -1 -1 1 -1 -1 1 -1 -1 1 -1 -1 1 -1 -1 
1 -1 -1 1 -1 -1 1 -1 -1 1 -1 -1 1 -1 -1 1 -1 -1 1 -1 -1 1 -1 -1 1 -1 -1 1 -1 -1 1 -1 -1 1 -1 -1 1 -1 -1 1 -1 -1 1 -1 -1 1 -1 -1 1 -1 -1 1 -1 -1 1 -1 -1 1 -1 -1 1 -1 -1 1 -1 -1 1 -1 -1 1 -1 -1 1 -1 -1 1 -1 -1 1 -1 -1 1 -1 -1 1 -1 -1 1 -1 -1 
1 -1 -1 1 -1 -1 1 -1 -1 1 -1 -1 1 -1 -1 1 -1 -1 1 -1 -1 1 -1 -1 1 -1 -1 1 -1 -1 1 -1 -1 1 -1 -1 1 -1 -1 1 -1 -1 1 -1 -1 1 -1 -1 1 -1 -1 1 -1 -1 1 -1 -1 1 -1 -1 1 -1 -1 1 -1 -1 1 -1 -1 1 -1 -1 1 -1 -1 1 -1 -1 1 -1 -1 1 -1 -1 1 -1 -1 1 -1 -1 
1 -1 -1 1 -1 -1 1 -1 -1 1 -1 -1 1 -1 -1 203 -1 -1 204 -1 -1 204 -1 -1 204 -1 -1 204 -1 -1 204 -1 -1 204 -1 -1 204 -1 -1 204 -1 -1 204 -1 -1 204 -1 -1 204 -1 -1 204 -1 -1 204 -1 -1 204 -1 -1 204 -1 -1 204 -1 -1 204 -1 -1 204 -1 -1 204 -1 -1 204 -1 -1 205 -1 -1 1 -1 -1 1 -1 -1 1 -1 -1 
1 -1 -1 1 -1 -1 1 -1 -1 1 -1 -1 1 -1 -1 314 -1 -1 315 -1 -1 315 494 -1 315 -1 -1 315 -1 -1 315 -1 -1 315 494 -1 315 -1 -1 315 -1 -1 315 -1 -1 315 -1 -1 315 -1 -1 315 -1 -1 315 -1 -1 315 -1 -1 315 494 -1 315 -1 -1 315 -1 -1 315 -1 -1 315 494 -1 315 -1 -1 316 -1 -1 1 -1 -1 1 -1 -1 1 -1 -1 
1 -1 -1 1 -1 -1 1 -1 -1 1 -1 -1 1 -1 -1 320 854 -1 321 -1 -1 321 -1 -1 321 -1 -1 321 -1 -1 321 -1 -1 321 -1 -1 321 -1 -1 321 -1 -1 321 499 -1 321 502 115 321 505 -1 321 -1 -1 321 -1 -1 321 -1 -1 321 -1 -1 321 -1 -1 321 -1 -1 321 -1 -1 321 -1 -1 321 -1 -1 322 853 -1 1 -1 -1 1 -1 -1 1 -1 -1 
1 -1 -1 1 -1 -1 1 -1 -1 1 -1 -1 1 -1 -1 209 862 -1 210 863 -1 210 -1 -1 210 -1 -1 210 -1 -1 210 -1 -1 210 -1 -1 210 -1 -1 210 117 123 210 500 -1 210 503 -1 210 506 -1 210 117 123 210 -1 -1 210 -1 -1 210 -1 -1 210 -1 -1 210 -1 -1 210 -1 -1 210 -1 -1 210 860 -1 211 861 -1 1 -1 -1 1 -1 -1 1 -1 -1 
1 -1 -1 1 -1 -1 1 -1 -1 1 -1 -1 1 -1 -1 872 -1 -1 8 871 -1 8 -1 -1 8 -1 -1 37 -1 -1 37 -1 -1 8 -1 -1 8 125 -1 37 126 -1 37 501 -1 8 504 -1 8 507 -1 37 126 -1 37 125 -1 8 -1 -1 8 -1 -1 37 -1 -1 37 -1 -1 8 -1 -1 8 -1 -1 8 868 -1 8 869 -1 1 -1 -1 1 -1 -1 1 -1 -1 
1 -1 -1 1 -1 -1 1 -1 -1 1 -1 -1 1 -1 -1 8 -1 -1 8 -1 -1 37 -1 -1 37 -1 -1 8 -1 -1 8 -1 -1 37 -1 -1 37 -1 -1 8 -1 -1 8 -1 -1 37 -1 -1 37 -1 -1 8 -1 -1 8 -1 -1 37 -1 -1 37 -1 -1 8 -1 -1 8 -1 -1 37 -1 -1 37 -1 -1 8 -1 -1 8 -1 -1 1 -1 -1 1 -1 -1 1 -1 -1 
1 -1 -1 1 -1 -1 1 -1 -1 1 -1 -1 1 -1 -1 8 -1 -1 8 -1 -1 37 -1 -1 37 -1 -1 8 -1 -1 8 -1 -1 37 -1 -1 37 -1 -1 8 -1 -1 8 -1 -1 37 -1 -1 8 37 -1 8 -1 -1 8 -1 -1 37 -1 -1 37 -1 -1 8 -1 -1 8 -1 -1 37 -1 -1 37 -1 -1 8 -1 -1 8 -1 -1 1 -1 -1 1 -1 -1 1 -1 -1 
1 -1 -1 1 -1 -1 1 -1 -1 1 -1 -1 1 -1 -1 8 37 -1 37 -1 -1 8 -1 -1 8 -1 -1 37 -1 -1 37 118 -1 8 -1 -1 8 -1 -1 37 -1 -1 37 -1 -1 8 -1 -1 8 -1 -1 37 -1 -1 37 -1 -1 8 -1 -1 8 118 -1 37 -1 -1 37 -1 -1 8 -1 -1 8 -1 -1 37 -1 -1 37 -1 -1 1 -1 -1 1 -1 -1 1 -1 -1 
1 -1 -1 1 -1 -1 1 -1 -1 1 -1 -1 1 -1 -1 37 523 -1 37 526 -1 8 -1 -1 8 -1 -1 37 -1 -1 37 127 -1 8 -1 -1 8 -1 -1 37 -1 -1 37 -1 -1 8 -1 -1 8 -1 -1 37 -1 -1 37 -1 -1 8 -1 -1 8 127 -1 37 -1 -1 37 -1 -1 8 -1 -1 8 -1 -1 37 523 -1 37 526 -1 1 -1 -1 1 -1 -1 1 -1 -1 
1 -1 -1 1 -1 -1 1 -1 -1 1 -1 -1 1 -1 -1 8 524 -1 8 527 -1 37 -1 -1 37 -1 -1 8 -1 -1 8 -1 -1 37 -1 -1 37 -1 -1 8 -1 -1 8 -1 -1 37 -1 -1 37 -1 -1 8 -1 -1 8 -1 -1 37 -1 -1 37 -1 -1 8 -1 -1 8 -1 -1 37 -1 -1 37 -1 -1 8 524 -1 8 527 -1 1 -1 -1 1 -1 -1 1 -1 -1 
1 -1 -1 1 -1 -1 1 -1 -1 1 -1 -1 1 -1 -1 8 524 -1 8 527 -1 37 -1 -1 37 -1 -1 8 -1 -1 8 -1 -1 37 -1 -1 37 -1 -1 8 -1 -1 8 -1 -1 37 -1 -1 37 -1 -1 8 -1 -1 8 -1 -1 37 -1 -1 37 -1 -1 8 -1 -1 8 -1 -1 37 -1 -1 37 -1 -1 8 524 -1 8 527 -1 1 -1 -1 1 -1 -1 1 -1 -1 
1 -1 -1 1 -1 -1 1 -1 -1 1 -1 -1 1 -1 -1 37 524 -1 37 527 -1 8 -1 -1 8 -1 -1 37 -1 -1 37 -1 -1 8 -1 -1 8 -1 -1 37 -1 -1 37 -1 -1 8 -1 -1 8 -1 -1 37 -1 -1 37 -1 -1 8 -1 -1 8 -1 -1 37 -1 -1 37 -1 -1 8 -1 -1 8 -1 -1 37 524 -1 37 527 -1 1 -1 -1 1 -1 -1 1 -1 -1 
1 -1 -1 1 -1 -1 1 -1 -1 1 -1 -1 1 -1 -1 37 524 -1 37 527 -1 8 -1 -1 8 -1 -1 37 -1 -1 37 -1 -1 8 -1 -1 8 -1 -1 37 -1 -1 37 -1 -1 8 -1 -1 8 -1 -1 37 -1 -1 37 -1 -1 8 -1 -1 8 -1 -1 37 -1 -1 37 -1 -1 8 -1 -1 8 -1 -1 37 524 -1 37 527 -1 1 -1 -1 1 -1 -1 1 -1 -1 
1 -1 -1 1 -1 -1 1 -1 -1 1 -1 -1 1 -1 -1 8 524 -1 8 527 -1 37 -1 -1 37 -1 -1 8 -1 -1 8 -1 -1 37 -1 -1 37 -1 -1 8 -1 -1 8 -1 -1 37 -1 -1 37 -1 -1 8 -1 -1 8 -1 -1 37 -1 -1 37 -1 -1 8 -1 -1 8 -1 -1 37 -1 -1 37 -1 -1 8 524 -1 8 527 -1 1 -1 -1 1 -1 -1 1 -1 -1 
1 -1 -1 1 -1 -1 1 -1 -1 1 -1 -1 1 -1 -1 8 525 -1 8 528 -1 37 -1 -1 37 -1 -1 8 -1 -1 8 -1 -1 37 -1 -1 37 -1 -1 8 -1 -1 8 -1 -1 37 -1 -1 37 -1 -1 8 -1 -1 8 -1 -1 37 -1 -1 37 -1 -1 8 -1 -1 8 -1 -1 37 -1 -1 37 -1 -1 8 525 -1 8 528 -1 1 -1 -1 1 -1 -1 1 -1 -1 
1 -1 -1 1 -1 -1 1 -1 -1 1 -1 -1 1 -1 -1 37 -1 -1 37 -1 -1 8 -1 -1 8 -1 -1 37 -1 -1 37 118 -1 8 -1 -1 8 -1 -1 37 -1 -1 37 -1 -1 8 -1 -1 8 -1 -1 37 -1 -1 37 -1 -1 8 -1 -1 8 118 -1 37 -1 -1 37 -1 -1 8 -1 -1 8 -1 -1 37 -1 -1 37 150 -1 1 -1 -1 1 -1 -1 1 -1 -1 
1 -1 -1 1 -1 -1 1 -1 -1 1 -1 -1 1 -1 -1 37 -1 -1 37 -1 -1 8 -1 -1 8 -1 -1 37 -1 -1 37 127 -1 8 -1 -1 8 -1 -1 37 -1 -1 37 -1 -1 8 -1 -1 8 -1 -1 37 -1 -1 37 -1 -1 8 -1 -1 8 127 -1 37 -1 -1 37 -1 -1 8 -1 -1 8 -1 -1 37 125 -1 37 -1 -1 1 -1 -1 1 -1 -1 1 -1 -1 
1 -1 -1 1 -1 -1 1 -1 -1 1 -1 -1 1 -1 -1 1 -1 -1 1 -1 -1 1 -1 -1 1 -1 -1 1 -1 -1 1 -1 -1 1 -1 -1 1 -1 -1 1 -1 -1 1 -1 -1 8 -1 -1 8 -1 -1 1 -1 -1 1 -1 -1 1 -1 -1 1 -1 -1 1 -1 -1 1 -1 -1 1 -1 -1 1 -1 -1 1 -1 -1 1 -1 -1 1 -1 -1 1 -1 -1 1 -1 -1 
1 -1 -1 1 -1 -1 1 -1 -1 1 -1 -1 1 -1 -1 1 -1 -1 1 -1 -1 1 -1 -1 1 -1 -1 1 -1 -1 1 -1 -1 1 -1 -1 1 -1 -1 1 -1 -1 1 -1 -1 1 -1 -1 1 -1 -1 1 -1 -1 1 -1 -1 1 -1 -1 1 -1 -1 1 -1 -1 1 -1 -1 1 -1 -1 1 -1 -1 1 -1 -1 1 -1 -1 1 -1 -1 1 -1 -1 1 -1 -1 
1 -1 -1 1 -1 -1 1 -1 -1 1 -1 -1 1 -1 -1 1 -1 -1 1 -1 -1 1 -1 -1 1 -1 -1 1 -1 -1 1 -1 -1 1 -1 -1 1 -1 -1 1 -1 -1 1 -1 -1 1 -1 -1 1 -1 -1 1 -1 -1 1 -1 -1 1 -1 -1 1 -1 -1 1 -1 -1 1 -1 -1 1 -1 -1 1 -1 -1 1 -1 -1 1 -1 -1 1 -1 -1 1 -1 -1 1 -1 -1 
1 -1 -1 1 -1 -1 1 -1 -1 1 -1 -1 1 -1 -1 1 -1 -1 1 -1 -1 1 -1 -1 1 -1 -1 1 -1 -1 1 -1 -1 1 -1 -1 1 -1 -1 1 -1 -1 1 -1 -1 1 -1 -1 1 -1 -1 1 -1 -1 1 -1 -1 1 -1 -1 1 -1 -1 1 -1 -1 1 -1 -1 1 -1 -1 1 -1 -1 1 -1 -1 1 -1 -1 1 -1 -1 1 -1 -1 1 -1 -1 
1 -1 -1 1 -1 -1 1 -1 -1 1 -1 -1 1 -1 -1 1 -1 -1 1 -1 -1 1 -1 -1 1 -1 -1 1 -1 -1 1 -1 -1 1 -1 -1 1 -1 -1 1 -1 -1 1 -1 -1 1 -1 -1 1 -1 -1 1 -1 -1 1 -1 -1 1 -1 -1 1 -1 -1 1 -1 -1 1 -1 -1 1 -1 -1 1 -1 -1 1 -1 -1 1 -1 -1 1 -1 -1 1 -1 -1 1 -1 -1 
