20 20
1 -1 -1 1 -1 -1 1 -1 -1 1 -1 -1 1 -1 -1 1 -1 -1 1 -1 -1 1 -1 -1 1 -1 -1 1 -1 -1 1 -1 -1 1 -1 -1 1 -1 -1 1 -1 -1 1 -1 -1 1 -1 -1 1 -1 -1 1 -1 -1 1 -1 -1 1 -1 -1 
1 -1 -1 1 -1 -1 1 -1 -1 1 -1 -1 1 -1 -1 1 -1 -1 1 -1 -1 1 -1 -1 1 -1 -1 1 -1 -1 1 -1 -1 1 -1 -1 1 -1 -1 1 -1 -1 1 -1 -1 1 -1 -1 1 -1 -1 1 -1 -1 1 -1 -1 1 -1 -1 
1 -1 -1 1 -1 -1 1 -1 -1 1 -1 -1 1 -1 -1 1 -1 -1 1 -1 -1 1 -1 -1 1 -1 -1 1 -1 -1 1 -1 -1 1 -1 -1 1 -1 -1 1 -1 -1 1 -1 -1 1 -1 -1 1 -1 -1 1 -1 -1 1 -1 -1 1 -1 -1 
1 -1 -1 1 -1 -1 1 -1 -1 1 -1 -1 1 -1 -1 1 -1 -1 1 -1 -1 1 -1 -1 1 -1 -1 1 -1 -1 1 -1 -1 1 -1 -1 1 -1 -1 1 -1 -1 1 -1 -1 1 -1 -1 1 -1 -1 1 -1 -1 1 -1 -1 1 -1 -1 
1 -1 -1 1 -1 -1 1 -1 -1 1 -1 -1 257 -1 -1 258 -1 -1 258 -1 -1 258 -1 -1 264 -1 -1 264 -1 -1 264 -1 -1 258 -1 -1 258 -1 -1 258 -1 -1 258 -1 -1 258 -1 -1 259 -1 -1 1 -1 -1 1 -1 -1 1 -1 -1 
1 -1 -1 1 -1 -1 1 -1 -1 1 -1 -1 260 -1 -1 261 494 -1 261 -1 -1 262 -1 -1 261 -1 -1 261 -1 659 261 -1 668 260 -1 -1 261 -1 -1 261 -1 -1 261 -1 -1 261 494 -1 262 -1 -1 1 -1 -1 1 -1 -1 1 -1 -1 
1 -1 -1 1 -1 -1 1 -1 -1 258 -1 -1 260 -1 -1 261 -1 -1 261 -1 -1 262 -1 -1 261 -1 668 261 -1 707 261 -1 676 260 -1 -1 261 496 -1 261 -1 -1 261 -1 -1 261 -1 -1 262 -1 -1 1 -1 -1 1 -1 -1 1 -1 -1 
1 -1 -1 1 -1 -1 1 -1 -1 261 -1 -1 263 -1 -1 264 -1 -1 264 -1 -1 264 -1 -1 264 258 -1 264 258 -1 264 258 -1 264 -1 -1 264 497 -1 264 -1 -1 264 -1 -1 264 -1 -1 265 -1 -1 1 -1 -1 1 -1 -1 1 -1 -1 
1 -1 -1 1 -1 -1 1 -1 -1 261 492 -1 35 -1 -1 35 -1 -1 35 -1 -1 35 -1 -1 35 -1 -1 35 -1 -1 35 -1 -1 35 -1 -1 35 498 -1 35 -1 -1 35 -1 -1 35 -1 -1 35 -1 -1 1 -1 -1 1 -1 -1 1 -1 -1 
1 -1 -1 1 -1 -1 1 -1 -1 264 -1 -1 35 -1 -1 35 577 -1 35 581 650 35 -1 -1 35 -1 -1 35 -1 -1 35 -1 -1 35 -1 -1 35 -1 -1 35 -1 -1 35 -1 -1 35 -1 -1 35 -1 -1 1 -1 -1 1 -1 -1 1 -1 -1 
1 -1 -1 1 -1 -1 1 -1 -1 35 -1 -1 35 -1 -1 35 578 -1 35 582 -1 1 35 -1 35 -1 -1 35 -1 -1 35 -1 -1 35 -1 -1 35 -1 -1 35 -1 -1 35 -1 -1 35 -1 -1 35 -1 -1 1 -1 -1 1 -1 -1 1 -1 -1 
1 -1 -1 1 -1 -1 1 -1 -1 35 -1 -1 35 -1 -1 35 -1 -1 35 -1 -1 35 -1 -1 35 -1 -1 35 -1 -1 35 -1 -1 35 -1 -1 35 -1 -1 35 -1 -1 35 -1 -1 35 -1 -1 35 -1 -1 1 -1 -1 1 -1 -1 1 -1 -1 
1 -1 -1 1 -1 -1 1 -1 -1 35 -1 -1 35 -1 -1 35 -1 -1 35 -1 -1 35 -1 -1 35 118 -1 35 -1 -1 35 -1 -1 35 -1 -1 35 -1 -1 35 118 -1 35 -1 -1 35 -1 -1 35 -1 -1 1 -1 -1 1 -1 -1 1 -1 -1 
1 -1 -1 1 -1 -1 1 -1 -1 1 -1 -1 35 -1 -1 35 -1 -1 35 -1 -1 35 -1 -1 35 127 -1 35 -1 -1 35 -1 -1 35 -1 -1 35 -1 -1 35 127 -1 35 -1 -1 35 -1 -1 35 -1 -1 1 -1 -1 1 -1 -1 1 -1 -1 
1 -1 -1 1 -1 -1 1 -1 -1 1 -1 -1 1 -1 -1 1 -1 -1 1 -1 -1 1 -1 -1 1 -1 -1 1 -1 -1 35 -1 -1 35 -1 -1 1 -1 -1 1 -1 -1 1 -1 -1 1 -1 -1 1 -1 -1 1 -1 -1 1 -1 -1 1 -1 -1 
1 -1 -1 1 -1 -1 1 -1 -1 1 -1 -1 1 -1 -1 1 -1 -1 1 -1 -1 1 -1 -1 1 -1 -1 1 -1 -1 1 -1 -1 1 -1 -1 1 -1 -1 1 -1 -1 1 -1 -1 1 -1 -1 1 -1 -1 1 -1 -1 1 -1 -1 1 -1 -1 
1 -1 -1 1 -1 -1 1 -1 -1 1 -1 -1 1 -1 -1 1 -1 -1 1 -1 -1 1 -1 -1 1 -1 -1 1 -1 -1 1 -1 -1 1 -1 -1 1 -1 -1 1 -1 -1 1 -1 -1 1 -1 -1 1 -1 -1 1 -1 -1 1 -1 -1 1 -1 -1 
1 -1 -1 1 -1 -1 1 -1 -1 1 -1 -1 1 -1 -1 1 -1 -1 1 -1 -1 1 -1 -1 1 -1 -1 1 -1 -1 1 -1 -1 1 -1 -1 1 -1 -1 1 -1 -1 1 -1 -1 1 -1 -1 1 -1 -1 1 -1 -1 1 -1 -1 1 -1 -1 
1 -1 -1 1 -1 -1 1 -1 -1 1 -1 -1 1 -1 -1 1 -1 -1 1 -1 -1 1 -1 -1 1 -1 -1 1 -1 -1 1 -1 -1 1 -1 -1 1 -1 -1 1 -1 -1 1 -1 -1 1 -1 -1 1 -1 -1 1 -1 -1 1 -1 -1 1 -1 -1 
1 -1 -1 1 -1 -1 1 -1 -1 1 -1 -1 1 -1 -1 1 -1 -1 1 -1 -1 1 -1 -1 1 -1 -1 1 -1 -1 1 -1 -1 1 -1 -1 1 -1 -1 1 -1 -1 1 -1 -1 1 -1 -1 1 -1 -1 1 -1 -1 1 -1 -1 1 -1 -1 
